  4.995384   5.762600 
  4.995484   5.762597 
  4.995592   5.762596 
  4.995692   5.762595 
  4.995777   5.762595 
  4.995845   5.762595 
  4.995898   5.762595 
  4.995938   5.762595 
  4.995967   5.762595 
  4.995987   5.762595 
  4.996001   5.762595 
  4.996010   5.762595 
  4.996015   5.762595 
  4.996016   5.762595 
  4.996016   5.762595 
  4.996015   5.762595 
  4.996012   5.762595 
  4.996008   5.762595 
  4.996004   5.762595 
  4.996000   5.762595 
  4.995995   5.762595 
  4.995990   5.762595 
  4.995985   5.762595 
  4.995980   5.762595 
  4.995975   5.762595 
  4.995970   5.762595 
  4.995965   5.762595 
  4.995960   5.762595 
  4.995955   5.762595 
  4.995951   5.762595 
  4.995946   5.762595 
  4.995941   5.762595 
  4.995937   5.762595 
  4.995932   5.762595 
  4.995928   5.762595 
  4.995923   5.762595 
  4.995919   5.762595 
  4.995914   5.762595 
  4.995910   5.762595 
  4.995906   5.762595 
  4.995902   5.762595 
  4.995898   5.762595 
  4.995894   5.762595 
  4.995889   5.762595 
  4.995885   5.762595 
  7.101046   5.762595 
 21.045759   5.762595 
 45.728832   5.762595 
 77.175728   5.762595 
112.624089   5.762595 
150.122522   5.762595 
188.277738   5.762595 
226.090044   5.762595 
262.843854   5.762595 
298.032943   5.762595 
331.308001   5.762595 
362.438829   5.762595 
391.286369   5.762595 
417.781544   5.762595 
441.908934   5.762595 
463.694012   5.762595 
483.193035   5.762595 
500.485008   5.762595 
515.665253   5.762595 
528.840273   5.762595 
540.123649   5.762595 
549.632790   5.762595 
557.486366   5.762595 
563.802309   5.762595 
568.696276   5.762595 
572.280489   5.762595 
574.662887   5.762595 
575.946525   5.762595 
576.295386   6.067147 
575.980301   7.819131 
574.476822  10.354888 
570.988191  12.966523 
564.929225  15.348620 
556.022374  17.387871 
544.277434  19.060676 
529.925989  20.383520 
513.345804  21.389120 
494.992251  22.115131 
475.343770  22.598958 
454.862724  22.875514 
433.970141  22.976400 
413.031643  22.929736 
392.351731  22.760295 
372.173877  22.489759 
352.684364  22.137015 
334.018281  21.718448 
316.266552  21.248224 
299.483182  20.738541 
283.692216  20.199867 
268.894086  19.641143 
255.071195  19.069972 
242.192674  18.492783 
230.218333  17.914976 
219.101866  17.341057 
208.793385  16.774748 
199.241387  16.219092 
