  0.000000   0.000000 
  0.083333   0.000000 
  0.083333   0.000000 
  0.166667   0.000000 
  0.166667   0.000000 
  0.250000   0.000000 
  0.250000   0.000000 
  0.333333   0.000000 
  0.333333   0.000000 
  0.416667   0.000000 
  0.416667   0.000000 
  0.500000   0.000000 
  0.500000   0.000000 
  0.583333   0.000000 
  0.583333   0.000000 
  0.666667   0.000000 
  0.666667   0.000000 
  0.750000   0.000000 
  0.750000   0.000000 
  0.833333   0.000000 
  0.833333   0.000000 
  0.916667   0.000000 
  0.916667   0.000000 
  1.000000   0.000000 
  1.000000   0.000000 
  1.083333   0.000000 
  1.083333   0.000000 
  1.166667   0.000000 
  1.166667   0.000000 
  1.250000   0.000000 
  1.250000   0.000000 
  1.333333   0.000000 
  1.333333   0.000000 
  1.416667   0.000000 
  1.416667   0.000000 
  1.500000   0.000000 
  1.500000   0.000000 
  1.583333   0.000000 
  1.583333   0.000000 
  1.666667   0.000000 
  1.666667   0.000000 
  1.750000   0.000000 
  1.750000   0.000000 
  1.833333   0.000000 
  1.833333   0.000000 
  1.916667   0.000000 
  1.916667   0.000000 
  2.000000   0.000000 
  2.000000   0.000000 
  2.083333   0.000000 
  2.083333   0.000000 
  2.166667   0.000000 
  2.166667   0.000000 
  2.250000   0.000000 
  2.250000   0.000000 
  2.333333   0.000000 
  2.333333   0.000000 
  2.416667   0.000000 
  2.416667   0.000000 
  2.500000   0.000000 
  2.500000   0.000000 
  2.583333   0.000000 
  2.583333   0.000000 
  2.666667   0.000000 
  2.666667   0.000000 
  2.750000   0.000000 
  2.750000   0.000000 
  2.833333   0.000000 
  2.833333   0.000000 
  2.916667   0.000000 
  2.916667   0.000000 
  3.000000   0.000000 
  3.000000   0.000000 
  3.083333   0.000000 
  3.083333   0.000000 
  3.166667   0.000000 
  3.166667   0.000000 
  3.250000   0.000000 
  3.250000   0.000000 
  3.333333   0.000000 
  3.333333   0.000000 
  3.416667   0.000000 
  3.416667   0.000000 
  3.500000   0.000000 
  3.500000   0.000000 
  3.583333   0.000000 
  3.583333   0.000000 
  3.666667   0.000000 
  3.666667 606.680000 
  3.750000 606.680000 
  3.750000   0.000000 
  3.833333   0.000000 
  3.833333   0.000000 
  3.916667   0.000000 
  3.916667   0.000000 
  4.000000   0.000000 
  4.000000   0.000000 
  4.083333   0.000000 
  4.083333   0.000000 
  4.166667   0.000000 
  4.166667   0.000000 
  4.250000   0.000000 
  4.250000   0.000000 
  4.333333   0.000000 
  4.333333   0.000000 
  4.416667   0.000000 
  4.416667   0.000000 
  4.500000   0.000000 
  4.500000   0.000000 
  4.583333   0.000000 
  4.583333   0.000000 
  4.666667   0.000000 
  4.666667   0.000000 
  4.750000   0.000000 
  4.750000   0.000000 
  4.833333   0.000000 
  4.833333   0.000000 
  4.916667   0.000000 
  4.916667   0.000000 
  5.000000   0.000000 
  5.000000   0.000000 
  5.083333   0.000000 
  5.083333   0.000000 
  5.166667   0.000000 
  5.166667   0.000000 
  5.250000   0.000000 
  5.250000   0.000000 
  5.333333   0.000000 
  5.333333   0.000000 
  5.416667   0.000000 
  5.416667   0.000000 
  5.500000   0.000000 
  5.500000   0.000000 
  5.583333   0.000000 
  5.583333   0.000000 
  5.666667   0.000000 
  5.666667   0.000000 
  5.750000   0.000000 
  5.750000   0.000000 
  5.833333   0.000000 
  5.833333   0.000000 
  5.916667   0.000000 
  5.916667   0.000000 
  6.000000   0.000000 
  6.000000  20.000000 
  6.083333  20.000000 
  6.083333   0.000000 
  6.166667   0.000000 
  6.166667   0.000000 
  6.250000   0.000000 
  6.250000   0.000000 
  6.333333   0.000000 
  6.333333   0.000000 
  6.416667   0.000000 
  6.416667   0.000000 
  6.500000   0.000000 
  6.500000   0.000000 
  6.583333   0.000000 
  6.583333   0.000000 
  6.666667   0.000000 
  6.666667   0.000000 
  6.750000   0.000000 
  6.750000   0.000000 
  6.833333   0.000000 
  6.833333   0.000000 
  6.916667   0.000000 
  6.916667   0.000000 
  7.000000   0.000000 
  7.000000   0.000000 
  7.083333   0.000000 
  7.083333   0.000000 
  7.166667   0.000000 
  7.166667   0.000000 
  7.250000   0.000000 
  7.250000   0.000000 
  7.333333   0.000000 
  7.333333   0.000000 
  7.416667   0.000000 
  7.416667   0.000000 
  7.500000   0.000000 
  7.500000   0.000000 
  7.583333   0.000000 
  7.583333   0.000000 
  7.666667   0.000000 
  7.666667   0.000000 
  7.750000   0.000000 
  7.750000   0.000000 
  7.833333   0.000000 
  7.833333   0.000000 
  7.916667   0.000000 
  7.916667   0.000000 
  8.000000   0.000000 
  8.000000   0.000000 
  8.083333   0.000000 
  8.083333   0.000000 
  8.166667   0.000000 
  8.166667   0.000000 
  8.250000   0.000000 
  8.250000   0.000000 
  8.333333   0.000000 
